Test# | a | b | sel | y | expected | PASS/FAIL | RANDOM
----------------------------------------------
    0 | 0 | 1 | 000 | 0 | 00000000 | PASS | 98710838
    1 | 1 | 1 | 000 | 1 | 00000001 | PASS | 98710838
    2 | 1 | 0 | 001 | 0 | 00000000 | PASS | 98710838
    3 | 1 | 0 | 000 | 1 | 00000001 | PASS | 98710838
    4 | 1 | 1 | 000 | 1 | 00000001 | PASS | 98710838
    5 | 0 | 1 | 000 | 0 | 00000000 | PASS | 98710838
    6 | 0 | 0 | 001 | 0 | 00000000 | PASS | 98710838
    7 | 1 | 0 | 001 | 0 | 00000000 | PASS | 98710838
    8 | 0 | 1 | 000 | 0 | 00000000 | PASS | 98710838
    9 | 0 | 1 | 001 | 1 | 00000001 | PASS | 98710838
   10 | 0 | 0 | 001 | 0 | 00000000 | PASS | 98710838
   11 | 0 | 1 | 000 | 0 | 00000000 | PASS | 98710838
   12 | 0 | 0 | 001 | 0 | 00000000 | PASS | 98710838
   13 | 0 | 1 | 001 | 1 | 00000001 | PASS | 98710838
   14 | 0 | 0 | 001 | 0 | 00000000 | PASS | 98710838
   15 | 1 | 1 | 000 | 1 | 00000001 | PASS | 98710838
   16 | 0 | 1 | 001 | 1 | 00000001 | PASS | 98710838
   17 | 1 | 0 | 000 | 1 | 00000001 | PASS | 98710838
   18 | 1 | 1 | 000 | 1 | 00000001 | PASS | 98710838
   19 | 1 | 0 | 000 | 1 | 00000001 | PASS | 98710838
