Test# | a | b | sel | y | expected | PASS/FAIL | RANDOM
----------------------------------------------
    0 | 1 | 0 | 001 | 0 | 00000000 | PASS | 1715609148
    1 | 0 | 0 | 000 | 0 | 00000000 | PASS | 1715609148
    2 | 1 | 1 | 001 | 1 | 00000001 | PASS | 1715609148
    3 | 0 | 1 | 001 | 1 | 00000001 | PASS | 1715609148
    4 | 0 | 1 | 001 | 1 | 00000001 | PASS | 1715609148
    5 | 0 | 1 | 001 | 1 | 00000001 | PASS | 1715609148
    6 | 0 | 1 | 001 | 1 | 00000001 | PASS | 1715609148
    7 | 0 | 1 | 001 | 1 | 00000001 | PASS | 1715609148
    8 | 1 | 1 | 000 | 1 | 00000001 | PASS | 1715609148
    9 | 1 | 1 | 000 | 1 | 00000001 | PASS | 1715609148
   10 | 1 | 1 | 000 | 1 | 00000001 | PASS | 1715609148
   11 | 0 | 0 | 000 | 0 | 00000000 | PASS | 1715609148
   12 | 1 | 1 | 000 | 1 | 00000001 | PASS | 1715609148
   13 | 0 | 0 | 001 | 0 | 00000000 | PASS | 1715609148
   14 | 1 | 1 | 000 | 1 | 00000001 | PASS | 1715609148
   15 | 1 | 1 | 000 | 1 | 00000001 | PASS | 1715609148
   16 | 0 | 0 | 000 | 0 | 00000000 | PASS | 1715609148
   17 | 0 | 1 | 001 | 1 | 00000001 | PASS | 1715609148
   18 | 0 | 1 | 000 | 0 | 00000000 | PASS | 1715609148
   19 | 0 | 1 | 000 | 0 | 00000000 | PASS | 1715609148
