Test# | a | b | sel | y | expected | PASS/FAIL | RANDOM
----------------------------------------------
    0 | 1 | 1 | 001 | 1 | 00000001 | PASS | 289334697
    1 | 1 | 1 | 001 | 1 | 00000001 | PASS | 289334697
    2 | 0 | 1 | 001 | 1 | 00000001 | PASS | 289334697
    3 | 0 | 0 | 001 | 0 | 00000000 | PASS | 289334697
    4 | 1 | 1 | 000 | 1 | 00000001 | PASS | 289334697
    5 | 1 | 1 | 000 | 1 | 00000001 | PASS | 289334697
    6 | 0 | 0 | 000 | 0 | 00000000 | PASS | 289334697
    7 | 1 | 0 | 000 | 1 | 00000001 | PASS | 289334697
    8 | 0 | 1 | 001 | 1 | 00000001 | PASS | 289334697
    9 | 1 | 0 | 001 | 0 | 00000000 | PASS | 289334697
   10 | 1 | 0 | 000 | 1 | 00000001 | PASS | 289334697
   11 | 1 | 1 | 000 | 1 | 00000001 | PASS | 289334697
   12 | 0 | 1 | 000 | 0 | 00000000 | PASS | 289334697
   13 | 1 | 1 | 001 | 1 | 00000001 | PASS | 289334697
   14 | 1 | 1 | 000 | 1 | 00000001 | PASS | 289334697
   15 | 0 | 0 | 000 | 0 | 00000000 | PASS | 289334697
   16 | 0 | 0 | 000 | 0 | 00000000 | PASS | 289334697
   17 | 1 | 0 | 000 | 1 | 00000001 | PASS | 289334697
   18 | 1 | 1 | 000 | 1 | 00000001 | PASS | 289334697
   19 | 0 | 0 | 000 | 0 | 00000000 | PASS | 289334697
